262
278
281
285
288
290
291
292
293
294
311
322
328
329
335
344
347
354
356
361
366
374
380
394
398
402
411
412
413
417
419
423
428
442
455
475
493
497
499
502
503
509
522
534
539
560
568
569
576
585
586
587
616
624
628
633
636
642
644
654
672
673
679
685
686
687
697
710
713
714
718
745
746
747
773
774
781
787
793
795
801
802
807
809
816
821
849
852
862
878
886
889
892
905
913
918
925
938
939
943
944
948
952
961
982
984
990
991
999
1009
1028
1035
1040
1041
1042
1056
1061
1064
1065
1082
1083
1089
1098
1100
1124
1126
1134
1137
1149
1164
1168
1184
1191
1194
1208
1209
1211
1222
1224
1245
1250
1260
1264
1268
1269
1273
1280
1281
1284
1291
1299
1310
1316
1321
1342
1355
1377
1378
1384
1394
1401
1402
1403
1404
1408
1413
1416
1418
1422
1429
1458
1468
1477
1488
1501
1503
1518
1532
1535
1543
1547
1555
1568
1571
1574
1576
1582
1583
1594
1595
1605
1607
1619
1625
1641
1644
1650
1651
1653
1668
1672
1673
1679
1681
1698
1699
1704
1716
1720
1727
1729
1742
1763
1766
1779
1785
1804
1808
1827
1837
1854
1860
1861
1880
1882
1901
1913
1922
1928
1931
1949
1959
1961
1962
1965
1969
1971
1975
1981
1985
2007
2008
2012
2023
2028
2032
2127
2147
2157
2162
2164
2171
2179
2192
2194
2207
2217
2232
2234
2237
2265
2269
2276
2278
2286
2290
2295
2298
2299
2300
2325
2335
2338
2342
2344
2354
2359
2362
2368
2371
2375
2384
2419
2423
2427
2430
2434
2436
2447
2457
2458
2469
2471
2479
2495
2506
2510
2515
2519
2540
2548
2561
2568
2584
2600
2601
2615
2625
2627
2644
2649
2664
2668
2677
2680
2681
2683
2687
2693
2698
2705
2707
2708
2711
2714
2729
2734
2742
2745
2746
2762
2765
2767
2780
2784
2800
2810
2813
2821
2826
2827
2840
2847
2849
2858
2862
2869
2870
2874
2878
2896
2897
2900
2902
2907
2915
2917
2922
2936
2938
2944
2948
2953
2959
2966
2967
2979
2991
2992
2995
2998
3011
3015
3017
3019
3025
3038
3061
3065
3084
3089
3113
3120
3138
3143
3150
3160
3177
3189
3197
3209
3216
3220
3227
3241
3250
3260
3264
3266
3269
3275
3277
3278
3293
3307
3308
3325
3329
3336
3338
3342
3361
3366
3371
3375
3395
3406
3412
3413
3419
3425
3443
3449
3465
3472
3478
3484
3485
3489
3492
3504
3506
3513
3530
3547
3552
3554
3558
3567
3573
3575
3576
3583
3593
3595
3597
3598
3603
3613
3631
3632
3643
3654
3667
3686
3694
3701
3716
3728
3739
3746
3748
3758
3768
3772
3782
3784
3785
3793
3795
3812
3816
3822
3830
3847
3860
3864
3894
3895
3907
3910
3918
3919
3921
3928
3938
3957
3960
3964
3969
3974
4002
4004
4005
4011
4015
4016
4028
4040
4044
4056
4058
4062
4066
4068
4101
4102
4133
4134
4137
4139
4151
4152
4160
4165
4166
4175
4176
4177
4178
4201
4204
4206
4214
4217
4237
4241
4244
4245
4249
4263
4278
4292
4306
4314
4320
4337
4355
4363
4370
4374
4385
4386
4388
4389
4398
4400
4407
4409
4410
4416
4425
4428
4438
4440
4445
4468
4477
4479
4486
4487
4493
4502
4507
4525
4533
4536
4543
4554
4557
4559
4565
4579
4582
4592
4600
4601
4614
4617
4624
4632
4633
4640
4641
4646
4652
4655
4661
4690
4692
4703
4707
4712
4714
4725
4731
4736
4748
4765
4772
4775
4781
4787
4788
4797
4799
4814
4815
4837
4847
4848
4850
4871
4878
4883
4888
4902
4910
4925
4945
4948
4953
4955
4988
4990
4992
4998
5013
5014
5017
5018
5021
5022
5032
5033
5037
5045
5053
5084
5089
5094
5097
5101
5103
5112
5113
5115
5116
5126
5127
5139
5143
5154
5169
5176
5180
5182
5183
5185
5192
5196
5198
5208
5212
5220
5228
5233
5242
5248
5250
5251
5258
5259
5270
5274
5276
5277
5283
5296
5298
5301
5309
5311
5315
5328
5329
5332
5352
5356
5373
5374
5376
5379
5385
5393
5394
5396
5401
5403
5406
5418
5424
5427
5434
5440
5451
5455
5456
5457
5461
5462
5463
5467
5472
5474
5479
5481
5484
5485
5490
5492
5493
5497
5499
5507
5510
5514
5515
5520
5528
5543
5546
5549
5554
5556
5560
5570
5573
5577
5578
5583
5587
5591
5610
5616
5618
5620
5623
5628
5639
5642
5645
5647
5664
5681
5683
5688
5693
5695
5696
5703
5706
5719
5727
5733
5737
5738
5739
5746
5752
5754
5772
5774
5775
5785
5786
5790
5800
5817
5819
5822
5829
5835
5837
5840
5842
5844
5847
5873
5874
5878
5886
5891
5896
5909
5918
5922
5923
5927
5931
5934
5942
5946
5947
5948
5957
5973
5982
5985
5995
5998
6015
6034
6037
6052
6062
6064
6088
6091
6095
6111
6118
6121
6145
6148
6155
6163
6167
6177
6179
6190
6198
6217
6220
6232
6237
6246
6251
6260
6270
6272
6294
6305
6306
6324
6345
6347
6348
6350
6351
6360
6362
6373
6377
6383
6384
6388
6395
6400
6401
6426
6435
6447
6449
6450
6455
6476
6481
6498
6499
6506
6514
6520
6523
6534
6535
6542
6544
6545
6546
6549
6552
6564
6570
6579
6585
6586
6587
6594
6597
7513
7942
8275
8304
8372
9014
9034
9941
10111
10198
10281
179584
179586
179587
179588
179591
179592
179597
179598
179599
179600
179601
179602
179603
179605
179606
179607
179608
179610
179611
179612
179613
179614
179616
179617
179618
179619
179620
179622
179623
179625
179626
179627
179629
179631
179635
179636
179637
179638
179639
179640
179641
179642
179643
179644
179645
179646
179651
179652
179653
179654
179657
179659
179660
179661
179666
179667
179668
179669
179675
179676
179681
179682
179685
180349
180352
505397
601499
602094
602214
602259
602260
602261
602445
602510
6004444
6004445
6004447
6004453
6004458
6023788
6025639
6025650
6025788
6025806
6046353
6046657
6049234
6049235
6049237
6049238
6051835
6055548
6057745
6057747
6057776
6057777
6057792
6057793
6057804
6057809
6059048
6059258
6059259
6059261
6059415
6069898
6085069
6118907
6122883
6124865
6124868
6124871
6124874
6124877
6126083
6126268
6130438
6130443
6130445
6130448
6130458
6130481
6130483
6130564
6130565
6130698
6131450
6131633
6131912
6132020
6133804
6134450
6135603
6135653
6135696
6135818
6137274
6140000
6140993
6141696
6142336
6143575
6143642
6144514
6144518
6144521
6144522
6144648
6144821
6145054
6146722
6152890
6154999
6155685
6155909
6155912
6155913
6156241
6156875
6157027
6157054
6157876
6179061
6179074
6179083
6179091
6191510
6198909
6198991
6199007
6199017
6199031
6201349
6201369
6201782
6204125
6204640
6204653
6205350
6205358
6205752
6205760
6205769
6206004
6206631
6206831
6215077
6215082
6218494
6223555
6223577
6224384
6230499
6242340
6256022
6267969
6267971
6267974
6285154
6288333
6288346
6288353
6289548
6293347
6293352
6293353
6293355
6293359
6293364
6293382
6293392
6293400
6293406
6293410
6293415
6293424
6293705
6294029
6294034
6295390
6296097
6297403
6297404
6297441
6297459
6297466
6297482
6297488
6297496
6297501
6297510
6297511
6297513
6297535
6297551
6297569
6297571
6297584
6297597
6297616
6297619
6297624
6297670
6297678
6297724
6297756
6297759
6297762
6299308
6299850
6300193
6300239
6301383
6301415
6301419
6301420
6301423
6301424
6301430
6301835
6302318
6302325
6303176
6303180
6303182
6303183
6303184
6303186
6303233
6303238
6303260
6303261
6303262
6303263
6303266
6303268
6303270
6303271
6303274
6303275
6303278
6303279
6303282
6303293
6303294
6303295
6303302
6303303
6303358
6303365
6303372
6303378
6303449
6303477
6303482
6303487
6303490
6303491
6303518
6303519
6303675
6303681
6303881
6303885
6303891
6303898
6303899
6303900
6303901
6303902
6303903
6303904
6303907
6303910
6303917
6303929
6304108
6304304
6304315
6304330
6304340
6304369
6304370
6304371
6304372
6304373
6304374
6304409
6304412
6304413
6304439
6304440
6304441
6304505
6304534
6304655
6304739
6304740
6304741
6304742
6304743
6304744
6304747
6304748
6304749
6304750
6304767
6305167
6305169
6305170
6305350
6305369
6305372
6305376
6306536
6306555
6306561
6306567
6306572
6306579
6306584
6306590
6306798
6306800
6306801
6306802
6306803
6306804
6306805
6306806
6306807
6306808
6306809
6306810
6306811
6306812
6306813
6306894
6306897
6307166
6307302
6307306
6307309
6307314
6307328
6307351
6307355
6307358
6307372
6307373
6307374
6307375
6307376
6307377
6307494
6307495
6307496
6307603
6307626
6307627
6307628
6307632
6307637
6307641
6307644
6307651
6307656
6307666
6307672
6307675
6307686
6307688
6308032
6308033
6308034
6308035
6308036
6308037
6308038
6308039
6308040
6308041
6308042
6308043
6308044
6308045
6308046
6308047
6308048
6308049
6308050
6308051
6308149
6308173
6308177
6308183
6308197
6308438
6308442
6308458
6308459
6308460
6308461
6308464
6308465
6308466
6308467
6308468
6308469
6308470
6308471
6308472
6308473
6308474
6308475
6308477
6308479
6308481
6308496
6308498
6308509
6308516
6308521
6308536
6308538
6308546
6308585
6308846
6308848
6308852
6308854
6308856
6308857
6308860
6308861
6308862
6308864
6308866
6308867
6308868
6308869
6308871
6308873
6308874
6308875
6308876
6308877
6308878
6308879
6308880
6308881
6308882
6308883
6308906
6308907
6308908
6308910
6308912
6308913
965821298
965821299
965821301
965821302
965821303
965821304
965821305
965821306
965821307
965821324
965821325
965821327
965821334
965821335
965821336
965821341
965821342
965821358
965821359
965821360
965821361
965821362
965821363
965821364
965821365
965821366
965821367
965821368
965821369
965821370
965821371
965821372
965821373
965821374
965821375
965821376
965821377
965821378
965821379
965821380
965821381
965821382
965821383
965821384
965821385
965821386
965821387
965821388
965821389
965821390
965821391
965821392
965821393
965821394
965821395
965821396
965821397
965821398
965821399
965821400
965821401
965821402
965821403
965821404
965821405
965821406
965821407
965821408
965821409
965821410
965821411
965821412
965821413
965821414
965821415
965821416
965821417
965821418
965821419
965821420
965821421
965821422
965821423
965821424
965821425
965821426
965821427
965821428
965821429
965821430
965821431
965821432
965821433
965821434
965821435
965821436
965821437
965821438
965821439
965821440
965821441
965821442
965821443
965821444
965821445
965821446
965821447
965821448
965821449
965821450
965821451
965821452
965821453
965821454
965821455
965821456
965821457
965821458
965821462
965821465
965821466
965821467
965821469
965821470
965821471
965821472
965821473
965821474
965821475
965821476
965821477
965821478
965821479
965821480
965821482
965821484
965821485
965821486
965821522
965821523
965821524
965821525
965821526
965821527
965821528
965821530
965821531
965821532
965821533
965821534
965821535
965821536
965821537
965821538
965821539
965821540
965821541
965821542
965821543
965821544
965821545
965821546
965821547
965821548
965821549
965821550
965821552
965821553
965821554
965821555
965821556
965821557
965821558
965821559
965821560
965821561
965821562
965821563
965821564
965821565
965821566
965821567
965821568
965821569
965821570
965821571
965821572
965821573
965821574
965821575
965821576
965821577
965821578
965821579
965821580
965821581
965821582
965821583
965821584
965821585
965821586
965821587
965821588
965821589
965821590
965821591
965821592
965821593
965821594
965821595
965821601
965821602
965821603
965821604
965821605
965824566
965824567
965824568
965824569
965824570
965824571
965824572
965824573
965824574
965824575
965824576
965824577
965824579
965824580
965824582
965824585
965824586
965824658
965824680
965824681
965824684
965824687
965824759
965824760
965824761
965824762
965824763
965824766
965824767
965824768
965824770
965824791
965824800
965824805
965824817
965824818
965824845
965824856
965824906
965824943
965824944
965824996
965825038
965825041
965825063
965825244
965825287
965825290
965825352
965825366
965825383
965825431
965825439
965825440
965825441
965825442
965825443
965825444
965825445
965825462
965825464
965825465
965825521
965825526
965825547
965825580
965825581
965825582
965825583
965825585
965825587
965825590
965825597
965825658
965825687
965825688
965825690
965825693
965825694
965825697
965825715
965825716
965825717
965825740
965825741
965825743
965825811
965825835
965825836
965825840
965825845
965825895
965825897
965825913
965825934
965825944
965825945
965825983
965825993
965825995
965825996
965825997
965826010
965826013
965826014
965826023
965826046
965826053
965826064
965826071
965826086
965826102
965826111
965826408
965826412
965826414
965826415
965826498
965826505
965826526
965826538
965826540
965826542
965826551
965826776
965826781
965826786
965826812
965826819
965826871
965826873
965826875
965826876
965826880
965826922
965826925
965826952
965826998
965827029
965827031
965827034
965827036
965827038
965827040
965827065
965827478
965827522
965827840
965827846
965827847
965827851
965827872
965827887
965827888
965827892
965827903
965827910
965827932
965827934
965827936
965827937
965827940
965827942
965827946
965829166
965829168
965829170
965829179
965829180
965829181
965829184
965829186
965829188
965829190
965829194
965829198
965829201
965829202
965829205
965829206
965829208
965829209
965829225
965829232
965829233
965829272
965829273
965829274
965829276
965829277
965829283
965829284
965829287
965829291
965829293
965829295
965829296
965829298
965829302
965829303
965829304
965829305
965829309
965829310
965829314
965829317
965829318
965829322
965829323
965829324
965829325
965829326
965829327
965829328
965829329
965829334
965829335
965829336
965829337
965829339
965829340
965829341
965829342
965829343
965829394
965829395
965829439
965829494